dd2018/01/29 3540 669 4.7 30
2018/01/30 900 623 4.6 33
2018/01/31 680 570 4.4 41
2018/02/01 1800 605 4.4 21
2018/02/02 1540 624 4.5 30
2018/02/03 1660 591 4.4 28
2018/02/04 2280 659 4.6 18
2018/02/05 1560 596 4.5 24
2018/02/06 2280 659 4.7 14
2018/02/26 680 587 4.4 32
2018/03/01 2660 644 4.6 18
2018/03/12 3160 657 4.7 17
2018/03/15 4300 716 4.9 15
2018/03/16 2540 603 4.5 18
2018/03/27 540 599 4.5 33
2018/04/14 2920 676 4.8 24
2018/04/22 2300 614 4.7 31
2018/05/07 2780 635 4.5 22
2018/05/10 2280 630 4.5 20
2018/05/11 2280 637 4.6 20
2018/05/21 3040 671 4.8 28
2018/05/22 2280 640 4.7 25
2018/05/27 3160 639 4.6 19
