2018/01/28 1400 644 4.4 5
2018/01/29 2540 664 4.6 6
2018/01/30 2560 671 4.6 9
2018/01/31 -600 599 4.3 12
2018/02/01 900 658 4.6 10
2018/02/02 200 603 4.4 15
2018/02/03 -220 597 4.3 11
2018/02/04 300 597 4.3 10
2018/02/05 -1740 542 4.0 17
2018/02/06 2280 631 4.3 6
2018/02/26 -1220 580 4.2 13
2018/03/15 400 628 4.5 16
2018/03/16 2840 647 4.4 6
2018/03/27 -460 624 4.5 13
2018/04/14 920 654 4.6 13
2018/04/22 400 628 4.5 11
2018/05/07 300 607 4.4 12
2018/05/10 -1460 555 4.2 20
2918/05/11 400 616 4.3 8
2018/05/21 -560 619 4.5 15
2018/05/22 940 660 4.5 11
2018/05/27 -1560 595 4.3 14
2018/06/01 -80 594 4.3 14
2018/07/22 3180 693 4.7 6
2018/07/23 2160 663 4.6 6
2018/07/28 1040 668 4.7 13
2018/08/04 1440 675 4.6 9
